
XLNet-MLM accuracy results:
next-item/ndcg_at_10:0.09451541304588318
next-item/ndcg_at_20:0.11310774087905884
next-item/recall_at_10:0.17717677354812622
next-item/recall_at_20:0.2509234845638275
